1.282170410156250000e+02
1.478593750000000000e+02
1.325048828125000000e+02
1.420861816406250000e+02
1.426359863281250000e+02
1.119270019531250000e+02
1.115661621093750000e+02
1.114890136718750000e+02
1.101362304687500000e+02
1.136210937500000000e+02
1.118449707031250000e+02
1.129228515625000000e+02
1.130419921875000000e+02
1.145786132812500000e+02
1.156535644531250000e+02
1.143391113281250000e+02
1.136501464843750000e+02
1.142678222656250000e+02
1.220720214843750000e+02
1.229074707031250000e+02
1.254423828125000000e+02
1.262548828125000000e+02
1.271948242187500000e+02
1.238486328125000000e+02
1.376760253906250000e+02
1.297380371093750000e+02
1.282502441406250000e+02
1.302185058593750000e+02
1.416035156250000000e+02
1.416115722656250000e+02
1.107136230468750000e+02
1.046359863281250000e+02
1.140559082031250000e+02
1.146689453125000000e+02
1.159296875000000000e+02
1.143686523437500000e+02
1.116074218750000000e+02
1.235043945312500000e+02
1.164135742187500000e+02
1.269904785156250000e+02
1.090478515625000000e+02
1.104206542968750000e+02
1.094790039062500000e+02
1.140090332031250000e+02
1.136655273437500000e+02
9.502661132812500000e+01
9.698266601562500000e+01
9.974414062500000000e+01
1.026250000000000000e+02
1.102177734375000000e+02
9.986840820312500000e+01
1.010463867187500000e+02
1.036496582031250000e+02
1.070417480468750000e+02
1.068044433593750000e+02
1.297185058593750000e+02
1.157746582031250000e+02
1.161506347656250000e+02
1.141982421875000000e+02
1.155075683593750000e+02
1.250844726562500000e+02
1.252631835937500000e+02
1.316716308593750000e+02
1.280715332031250000e+02
1.288815917968750000e+02
1.063593750000000000e+02
1.058454589843750000e+02
1.067460937500000000e+02
1.058422851562500000e+02
1.049165039062500000e+02
1.112043457031250000e+02
1.147087402343750000e+02
1.099497070312500000e+02
1.097409667968750000e+02
1.133425292968750000e+02
1.026076660156250000e+02
1.191835937500000000e+02
1.223977050781250000e+02
1.341977539062500000e+02
1.322409667968750000e+02
1.162060546875000000e+02
1.160986328125000000e+02
1.104560546875000000e+02
1.091137695312500000e+02
1.151101074218750000e+02
1.370327148437500000e+02
1.341186523437500000e+02
1.345385742187500000e+02
1.326215820312500000e+02
1.342265625000000000e+02
1.190920410156250000e+02
1.207414550781250000e+02
1.243422851562500000e+02
1.253601074218750000e+02
1.242836914062500000e+02
9.697460937500000000e+01
9.538598632812500000e+01
9.555249023437500000e+01
9.998144531250000000e+01
1.107678222656250000e+02
9.728002929687500000e+01
9.460375976562500000e+01
9.329467773437500000e+01
1.050698242187500000e+02
1.047351074218750000e+02
8.503173828125000000e+01
8.725488281250000000e+01
8.641772460937500000e+01
8.416503906250000000e+01
8.948901367187500000e+01
1.140512695312500000e+02
1.143400878906250000e+02
1.081977539062500000e+02
1.083273925781250000e+02
1.072067871093750000e+02
1.057939453125000000e+02
1.056179199218750000e+02
9.928466796875000000e+01
1.023930664062500000e+02
1.012822265625000000e+02
1.240488281250000000e+02
1.243530273437500000e+02
1.261528320312500000e+02
1.210224609375000000e+02
1.215893554687500000e+02
1.189055175781250000e+02
1.243779296875000000e+02
1.216918945312500000e+02
1.182424316406250000e+02
1.155266113281250000e+02
1.171276855468750000e+02
1.209904785156250000e+02
1.206767578125000000e+02
1.198874511718750000e+02
1.182990722656250000e+02
1.130114746093750000e+02
1.104958496093750000e+02
1.109609375000000000e+02
1.097524414062500000e+02
1.106530761718750000e+02
8.616430664062500000e+01
8.638574218750000000e+01
8.502783203125000000e+01
9.544165039062500000e+01
9.878564453125000000e+01
1.025390625000000000e+02
9.813842773437500000e+01
1.012402343750000000e+02
9.564892578125000000e+01
9.425170898437500000e+01
1.025866699218750000e+02
1.068154296875000000e+02
1.108908691406250000e+02
1.104621582031250000e+02
1.124807128906250000e+02
1.315595703125000000e+02
1.299841308593750000e+02
1.289240722656250000e+02
1.334912109375000000e+02
1.272565917968750000e+02
9.043432617187500000e+01
8.849438476562500000e+01
8.887500000000000000e+01
8.880151367187500000e+01
9.412011718750000000e+01
9.878417968750000000e+01
1.001257324218750000e+02
1.011076660156250000e+02
9.814135742187500000e+01
9.672363281250000000e+01
1.164946289062500000e+02
1.193322753906250000e+02
1.137473144531250000e+02
1.153239746093750000e+02
1.267221679687500000e+02
1.268835449218750000e+02
1.059333496093750000e+02
1.037937011718750000e+02
1.035129394531250000e+02
1.248723144531250000e+02
1.146440429687500000e+02
1.037744140625000000e+02
1.148603515625000000e+02
1.057150878906250000e+02
1.000524902343750000e+02
1.092495117187500000e+02
1.067165527343750000e+02
1.049091796875000000e+02
1.107004394531250000e+02
1.053129882812500000e+02
8.644921875000000000e+01
7.982641601562500000e+01
7.691162109375000000e+01
7.673754882812500000e+01
8.625756835937500000e+01
1.193498535156250000e+02
1.261801757812500000e+02
1.268513183593750000e+02
1.160270996093750000e+02
1.288068847656250000e+02
